x
1 1236
2 5996
3 83888
4 10578
5 1524
6 6348
7 10663
8 10563
9 6402
10 3002
11 84868
12 2999
13 5133
14 2214
15 3575
16 6351
17 406947
18 1493
19 3458
20 9289
21 4118
22 53637
23 51316
24 3003
25 5997
26 51176
27 4609
28 388372
29 1901
30 343413
31 5341
32 2268
33 154
34 1844
35 114614
36 3604
37 4929
38 969
39 939
40 51348
41 11098
42 128346
43 5551
44 4818
45 26119
46 7453
47 116211
48 1435
49 3824
50 3892
51 143903
52 10365
53 3682
54 55423
55 3399
56 4753
57 356
58 79413
59 3001
60 952
61 7298
62 7305
63 10219
64 7852
65 313
66 6932
67 201633
68 9452
69 9750
70 22822
71 3127
72 9760
73 1390
74 10628
75 54
76 678655
77 100500808
78 60675
79 3820
80 6206
81 10653
82 7462
83 1846
84 29851
85 9212
86 1843
87 2597
88 23406
89 3162
90 100616438
91 100500854
92 8530
93 4345
94 2848
95 5552
96 3128
97 10859
98 1880
99 7292
100 7294
101 6846
102 120425
103 64231
104 7412
105 10417
106 3429
107 54674
108 11123
109 953
110 822
111 3725
112 51070
113 100128420
114 100422965
115 7133
116 3122
117 991
118 27350
119 51225
120 241
121 197135
122 3459
123 79180
124 3726
125 3732
126 9303
127 6241
128 9232
129 84632
130 11314
131 8784
132 64092
133 445347
134 6207
135 55020
136 100534611
137 100500805
138 8638
139 6181
140 1959
141 6375
142 2149
143 100303491
144 8277
145 284367
146 3902
147 55501
148 9437
149 3684
150 972
151 594839
152 6193
153 4643
154 116449
155 2838
156 116841
157 7128
158 100130231
159 81618
160 574040
161 51203
162 1848
163 3958
164 11065
165 60489
166 6164
167 1509
168 3123
169 6285
170 54602
171 10748
172 973
173 30009
174 9298
175 494514
176 3560
177 3945
178 11130
179 79652
180 6125
181 3925
182 4689
183 27333
184 7083
185 6208
186 6352
187 3398
188 129293
189 11034
190 11329
191 87
192 387882
193 6135
194 8611
195 6122
196 301
197 154075
198 3310
199 1164
200 1757
201 79931
202 692211
203 7049
204 1033
205 677
206 3148
207 51513
208 253128
209 57124
210 4050
211 6161
212 6160
213 6194
214 9022
215 2669
216 1890
217 2353
218 10376
219 57136
220 9133
221 5740
222 6176
223 5445
224 3956
225 51237
226 57823
227 6156
228 51411
229 51429
230 114908
231 79156
232 145864
233 1606
234 1937
235 2
236 6217
237 765
238 7167
239 942
240 10912
241 2280
242 406934
243 51561
244 131450
245 81
246 4647
247 26030
248 1604
249 84525
250 130589
251 160365
252 9495
253 51676
254 6165
255 931
256 64218
257 85478
258 6202
259 2053
260 6304
261 55723
262 152100
263 890
264 54541
265 677781
266 140739
267 11001
268 29988
269 639
270 100302139
271 9467
272 6503
273 27284
274 54855
275 6228
276 970
277 100847010
278 100422991
279 7414
280 389
281 10797
282 3672
283 6364
284 339789
285 100422833
286 5251
287 27033
288 8343
289 944
290 2040
291 10950
292 100616213
293 64759
294 3821
295 2537
296 25873
297 9045
298 100302185
299 8651
300 360
301 6155
302 11126
303 81563
304 9582
305 6653
306 10538
307 5763
308 3904
309 55013
310 55340
311 3394
312 23521
313 9768
314 5829
315 1237
316 113791
317 5729
318 51744
319 9725
320 27065
321 6003
322 1234
323 967
324 26191
325 92906
326 6137
327 692111
328 1230
329 6227
330 8536
331 100527949
332 2207
333 79992
334 959
335 6188
336 84969
337 92106
338 168537
339 439949
340 203328
341 3887
342 201895
343 9516
344 72
345 677809
346 387895
347 3
348 6230
349 25897
350 100500851
351 6281
352 6167
353 1933
354 26790
355 10235
356 684
357 2354
358 114879
359 401124
360 100616408
361 221188
362 3903
363 123036
364 6141
365 4664
366 79713
367 57405
368 1123
369 164668
370 7153
371 4171
372 1117
373 257101
374 4145
375 3838
376 100616248
377 3516
378 2731
379 6143
380 11186
381 22974
382 2323
383 10077
384 2014
385 6191
386 10252
387 3812
388 9787
389 9047
390 677811
391 267010
392 7433
393 5315
394 59352
395 100130093
396 6168
397 332
398 163747
399 677848
400 339541
401 27334
402 8364
403 113130
404 3004
405 9034
406 1240
407 1534
408 940
409 5873
410 6222
411 868
412 8645
413 55353
414 9143
415 3559
416 319101
417 55355
418 3007
419 6124
420 891
421 3688
422 3579
423 694
424 149628
425 115362
426 3804
427 28984
428 3384
429 7494
430 641518
431 6920
432 9839
433 3809
434 1075
435 6515
436 914
437 51314
438 2115
439 8459
440 51669
441 166
442 51274
443 814
444 100506649
445 26771
446 81788
447 6224
448 5366
449 120
450 8331
451 50943
452 2752
453 2591
454 26778
455 3418
456 6204
457 57125
458 196264
459 4736
460 26986
461 58473
462 5778
463 6303
464 26136
465 6175
466 10360
467 55646
468 7178
469 51659
470 5347
471 139716
472 641451
473 2041
474 100302132
475 374946
476 100302133
477 56942
478 100302739
479 699
480 983
481 9840
482 4542
483 3678
484 692205
485 406924
486 3337
487 100302166
488 57415
489 729041
490 158584
491 7538
492 6233
493 213
494 256987
495 2316
496 8341
497 59338
498 1521
499 100616439
500 26817
501 26762
502 26808
503 25797
504 125144
505 144571
506 100505696
507 9046
508 3959
509 100533179
510 1029
511 23204
512 100422952
513 10316
514 595098
515 80824
516 4175
517 26824
518 85235
519 55789
520 7076
521 84959
522 4174
523 51593
524 10018
525 6235
526 5305
527 57646
528 406893
529 928
530 692226
531 286442
532 353345
533 100113381
534 8345
535 677825
536 3811
537 7351
538 692087
539 26784
540 340527
541 4522
542 93663
543 83879
544 257144
545 23108
546 100874264
547 3486
548 2534
549 2530
550 94015
551 81553
552 84131
553 9249
554 399665
555 3822
556 100124537
557 619383
558 4907
559 23645
560 440068
561 5730
562 25861
563 6203
564 3939
565 336
566 677838
567 64174
568 8330
569 6154
570 22821
571 11315
572 100500878
573 11224
574 9636
575 26765
576 3117
577 8718
578 79888
579 10123
580 9882
581 9246
582 3983
583 6132
584 2215
585 51192
586 6170
587 9367
588 5355
589 9301
590 1803
591 10625
592 10112
593 27244
594 2833
595 9241
596 100529251
597 27436
598 6152
599 126259
600 51655
601 6159
602 9473
603 23670
604 6856
605 975
606 11320
607 3687
608 308
609 79626
610 6169
611 94039
612 162966
613 4046
614 253152
615 5579
616 65094
617 353189
618 10287
619 124602
620 347746
621 3428
622 4068
623 140807
624 100616396
625 100616387
626 9985
627 100873778
628 9833
629 8320
630 27018
631 3689
632 11004
633 9592
634 79037
635 7124
636 619498
637 219844
638 100113378
639 54438
640 11332
641 10399
642 51522
643 100750325
644 51185
645 219738
646 3813
647 8698
648 9297
649 117157
650 9260
651 5734
652 619570
653 10024
654 5295
655 94120
656 10591
657 5066
658 1292
659 54543
660 100130476
661 23231
662 100616329
663 406925
664 4599
665 3832
666 3430
667 100616113
668 9368
669 6349
670 55422
671 10447
672 574042
673 925
674 6691
675 150864
676 157313
677 8740
678 100093630
679 1026
680 54997
681 3646
682 8655
683 1043
684 5858
685 152007
686 5732
687 4000
688 101
689 10459
690 692213
691 51611
692 10602
693 29997
694 4173
695 7634
696 7045
697 29125
698 1130
699 117145
700 94240
701 6404
702 26811
703 56985
704 6205
705 23529
706 894
707 27132
708 30061
709 9267
710 121260
711 100616139
712 29909
713 5140
714 100505975
715 2634
716 50861
717 5142
718 23484
719 9242
720 9088
721 4288
722 56882
723 730112
724 50852
725 138948
726 100500802
727 4085
728 2992
729 9788
730 692195
731 8711
732 83982
733 3586
734 5270
735 100151683
736 440498
737 3161
738 2197
739 378938
740 28231
741 79801
742 4129
743 100500847
744 51386
745 692109
746 170384
747 5476
748 10225
749 6512
750 6223
751 9299
752 100616314
753 51599
754 902
755 7832
756 6146
757 414062
758 7171
759 140809
760 641638
761 100616284
762 92340
763 6675
764 644068
765 7188
766 8140
767 23603
768 100131347
769 3275
770 25816
771 9349
772 1938
773 164118
774 9938
775 55296
776 677771
777 8934
778 5521
779 9304
780 100616358
781 6504
782 6136
783 147841
784 160364
785 3738
786 147837
787 1823
788 220992
789 402778
790 6904
791 406890
792 59
793 692058
794 4833
795 701
796 54964
797 924
798 6232
799 4067
800 51514
801 84557
802 3113
803 6790
804 79895
805 3628
806 56948
807 7421
808 79899
809 54440
810 302
811 100616292
812 5971
813 874
814 6187
815 100616229
816 715
817 808
818 7633
819 23643
820 54103
821 100379345
822 6836
823 91544
824 55545
825 3683
826 3015
827 8944
828 100616378
829 692227
830 93081
831 328
832 84958
833 100500913
834 100616368
835 5654
836 6138
837 147525
838 387787
839 553128
840 9124
841 122509
842 6209
843 472
844 8836
845 1032
846 55026
847 230
848 118788
849 51440
850 692090
851 9619
852 6001
853 100616424
854 285513
855 430
856 259283
857 150771
858 81873
859 59084
860 941
861 8339
862 100913187
863 3906
864 54843
865 27090
866 9302
867 5243
868 3673
869 100616498
870 10100
871 151742
872 56935
873 54072
874 8407
875 341
876 8395
877 158257
878 6139
879 6210
880 10791
881 652966
882 29089
883 3006
884 1063
885 64420
886 202
887 64333
888 6520
889 92822
890 5230
891 10641
892 8637
893 84636
894 100124534
895 26586
896 6772
897 94162
898 406969
899 3727
900 9537
901 100500833
902 11221
903 3805
904 100506190
905 10682
906 84722
907 9398
908 9021
909 4001
910 5336
911 8318
912 677810
913 6157
914 56255
915 83998
916 693232
917 1495
918 27250
919 11243
920 5446
921 338440
922 83988
923 406991
924 26819
925 101340251
926 801
927 340547
928 100506755
929 79026
930 3595
931 51497
932 896
933 1894
934 57414
935 2237
936 124222
937 150468
938 125981
939 4869
940 6130
941 27075
942 5359
943 1802
944 692088
945 54498
946 55143
947 9300
948 113115
949 284422
950 22875
951 135
952 158248
953 130367
954 115992
955 170575
956 990
957 79668
958 11145
959 6322
960 2644
961 91523
962 112616
963 26787
964 257160
965 3119
966 144363
967 8336
968 128178
969 11015
970 677774
971 10971
972 5888
973 29901
974 51646
975 8312
976 64407
977 51062
978 2762
979 284207
980 10911
981 1102
982 5367
983 5908
984 580
985 284454
986 4739
987 29995
988 54094
989 292
990 9585
991 100
992 26270
993 23710
994 4998
995 100874027
996 155370
997 1831
998 441951
999 348738
1000 4751
